CHORD_REFERENCE=1
HREF=
TRANSPOSE=0
CHORD_LAYOUT=64
MAX_FOUND=5
LANGUAGE=3
OUTPUT=3
SORT=2
BACKGROUND_COLOR=0
SELECTION_COLOR=2
NORMAL_COLOR=15
TITLE_COLOR=12
AUTHOR_COLOR=13
STROPHE_COLOR=15
REFRAIN_COLOR=14
SPOKEN_COLOR=7
CHORDS_COLOR=11
REFERENCE_COLOR=6
N_GRAPHIC_MODES=5
GRAPHIC_MODE[0]={2,1,16,16,0.800000,2.000000,1.500000,10}
GRAPHIC_MODE[1]={2,2,32,32,0.800000,2.000000,1.500000,20}
GRAPHIC_MODE[2]={3,1,16,16,0.800000,2.000000,1.500000,30}
GRAPHIC_MODE[3]={1,1,16,16,0.800000,2.000000,1.500000,30}
GRAPHIC_MODE[4]={3,2,32,32,0.800000,2.000000,1.500000,60}
CURRENT_GRAPHIC_MODE=1
PS_MINIMUM_FILLING=0.75
PS_FILL_LAST_PAGE=1
PS_DRAW_LINES=0
PS_FIRST_PAGE_NUMBER=1
PS_INDEX_FILE=SONGPAGE.IND
